	AM=0.0
	ALTP=0.0
	IAFTBN=0
	IDBURN=0
	AM23=0.18
	AM55=0.238
	NOZFLT=0
	IDUMP=1
	IDCD=0
	IMCD=0
	IGASMX=0
	MODE=0
	TOLALL=0.010
	ITRYS=400
	IDES=1
	FXFN2M=.FALSE.
	FXM2CP=.FALSE.
	AFTFAN=.FALSE.
	DUMSPL=.FALSE.
	PRFDS=1.4
	ETAFDS=0.88
	WAFCDS=280.1707
	PCNFDS=100.0
	PCBLF=0.0
	PRIDS=1.571
	WAICDS=140.8
	ETAIDS=0.87
	PCNIDS=100.0
	PCBLID=0.5
	ETABDS=0.983
	DPOCDS=0.05
	DPWGDS=01.0
	PRICDS=7.273
	PCNCDS=100.0
	ETACDS=0.86
	PCBLC=0.0
	DPDUDS=0.05
	ETHPDS=0.9
	ETIPDS=0.9
	ELTPDS=0.9
	DELSFC=1.0
	DELFN=1.0
	DELFG=1.0
	PCBLOB=0.0
	T4DS=14422.22
	IAMTP=2
	DELT1=17.2
	TFHPDS=50.0
	CNHPDS=2.0
	TFIPDS=120.0
	CNIPDS=2.2
	TFLPDS=130.0
	CNLPDS=2.3
	ZFDS=0.83333333
	ZIDS=0.83333333
	ZCDS=0.81433225
	CVDNOZ=0.985
	CVMNOZ=0.985
	CVDWNG=0.985
	FAN=.TRUE.
	ISPOOL=3
	XNHPDS=10000.0
	XNLPDS=5000.0
	XNIPDS=7500.0
	PMIHP=35.25
	PMILP=70.50
	PMIIP=52.88
	VFAN=0.142
	VINTC=0.142
	VCOMB=0.142
	VHPTRB=0.057
	VLPTRB=0.057
	VIPTRB=0.057
	VAFTBN=0.283
	VFDUCT=0.283
	VWDUCT=0.283
	VCOMP=0.142
	SI=.TRUE.
	DFAPDS=0.08
